winNumbers
winMul
01
36

02
36

03
36

04
36

05
36

06
36

07
36

08
36

09
36

10
36

11
36

12
36

13
36

14
36

15
36

16
36

17
36

18
36

19
36

20
36

21
36

22
36

23
36

24
36

25
36

26
36

27
36

28
36

29
36

30
36

31
36

32
36

33
36

34
36

35
36

36
36

01 02
18

02 03
18

04 05
18

05 06
18

07 08
18

08 09
18

10 11
18

11 12
18

13 14
18

14 15
18

16 17
18

17 18
18

19 20
18

20 21
18

22 23
18

23 24
18

25 26
18

26 27
18

28 29
18

29 30
18

31 32
18

32 33
18

34 35
18

35 36
18

01 04
18

02 05
18

03 06
18

04 07
18

05 08
18

06 09
18

07 10
18

08 11
18

09 12
18

10 13
18

11 14
18

12 15
18

13 16
18

14 17
18

15 18
18

16 19
18

17 20
18

18 21
18

19 22
18

20 23
18

21 24
18

22 25
18

23 26
18

24 27
18

25 28
18

26 29
18

27 30
18

28 31
18

29 32
18

30 33
18

31 34
18

32 35
18

33 36
18

01 04 02 05
8

02 05 03 06
8

04 07 05 08
8

05 08 06 09
8

07 10 08 11
8

08 11 09 12
8

10 13 11 14
8

11 14 12 15
8

13 16 14 17
8

14 17 15 18
8

16 19 17 20
8

17 20 18 21
8

19 22 20 23
8

20 23 21 24
8

22 25 23 26
8

23 26 24 27
8

25 28 26 29
8

26 29 27 30
8

28 31 29 32
8

29 32 30 33
8

31 34 32 35
8

32 35 33 36
8

01 02 03
12

04 05 06
12

07 08 09
12

10 11 12
12

13 14 15
12

16 17 18
12

19 20 21
12

22 23 24
12

25 26 27
12

28 29 30
12

31 32 33
12

34 35 36
12

01 04 07 10 13 16 19 22 25 28 31 34
3

02 05 08 11 14 17 20 23 26 29 32 35
3

03 06 09 12 15 18 21 24 27 30 33 36
3

01 02 03 04 05 06 07 08 09 10 11 12
3

13 14 15 16 17 18 19 20 21 22 23 24
3

25 26 27 28 29 30 31 32 33 34 35 36
3

01 02 03 04 05 06 07 08 09 10 11 12 13 14 15 16 17 18
2

19 20 21 22 23 24 25 26 27 28 29 30 31 32 33 34 35 36
2

02 04 06 08 10 12 14 16 18 20 22 24 26 28 30 32 34 36
2

01 03 05 07 09 12 14 16 18 19 21 23 25 27 30 32 34 36
2

02 04 06 08 10 11 13 15 17 20 22 24 26 28 29 31 33 35
2

01 03 05 07 09 11 13 15 17 19 21 23 25 27 29 31 33 35
2

00
36

